Input matrices: 
 [[2, 6, 3, 2, 0, 3, 3, 5], [4, 0, 0, 3, 3, 7, 5, 4], [8, 10, 9, 3, 6, 9, 4, 3], [6, 4, 7, 4, 7, 6, 8, 8], [0, 4, 5, 3, 7, 8, 2, 8], [5, 0, 3, 2, 8, 4, 3, 3], [6, 10, 4, 8, 10, 7, 9, 10], [10, 10, 7, 1, 5, 1, 5, 2]] [[5, 2, 8, 3, 9, 4, 8, 3], [8, 2, 2, 9, 7, 10, 4, 8], [3, 5, 9, 1, 9, 4, 0, 9], [4, 2, 4, 6, 1, 6, 10, 7], [4, 6, 10, 1, 9, 4, 2, 3], [7, 9, 6, 3, 1, 6, 1, 4], [0, 1, 10, 0, 4, 10, 2, 2], [7, 2, 2, 6, 7, 1, 0, 4]]
Output matrices: 
 [[131, 75, 121, 114, 139, 145, 69, 133], [121, 108, 174, 78, 121, 142, 85, 96], [267, 214, 337, 192, 326, 307, 163, 280], [225, 183, 337, 158, 306, 268, 140, 234], [199, 171, 219, 138, 211, 182, 72, 187], [123, 122, 215, 68, 183, 133, 86, 114], [313, 220, 388, 251, 371, 370, 213, 306], [196, 125, 277, 153, 304, 252, 151, 217]]
Synthesizing....
Max frequency:  {51.768114051367526}  MhZ
Max timing delay:  {18933.909999999963}  ps
Logic area est: {16.32559104}


Optimizing....
Max frequency:  {52.301501419201344}  MhZ
Max timing delay:  {18736.909999999963}  ps
Logic area est: {13.493703168}