Input matrices: 
 [[9, 6, 1, 8, 6, 6, 4, 0], [7, 2, 8, 7, 8, 10, 2, 1], [10, 4, 9, 5, 5, 0, 8, 0], [3, 8, 9, 3, 6, 1, 6, 7], [5, 8, 7, 6, 2, 9, 6, 7], [6, 9, 6, 8, 9, 5, 10, 3], [3, 0, 10, 8, 9, 2, 7, 4], [9, 5, 8, 8, 1, 10, 2, 10]] 
 [[6, 9, 6, 10, 2, 2, 9, 9], [2, 3, 1, 2, 3, 5, 9, 5], [0, 0, 0, 0, 1, 0, 2, 4], [7, 6, 4, 10, 4, 4, 9, 3], [8, 8, 4, 6, 4, 7, 9, 5], [0, 9, 3, 5, 3, 7, 2, 2], [8, 5, 0, 8, 7, 8, 2, 9], [8, 8, 7, 8, 6, 0, 7, 2]]
Output matrices: 
 [[202, 269, 134, 280, 139, 196, 283, 217], [183, 283, 141, 266, 138, 194, 263, 206], [207, 212, 104, 252, 137, 159, 250, 258], [207, 212, 114, 221, 162, 155, 261, 212], [208, 288, 146, 287, 184, 199, 282, 227], [286, 320, 149, 341, 216, 267, 351, 298], [234, 232, 120, 262, 163, 171, 246, 211], [224, 332, 195, 332, 181, 168, 317, 225]]
Synthesizing....
Max frequency:  {39.06336977034264}  MhZ
Max timing delay:  {25216.42999999994}  ps
Logic area est: {50.841280512}


Optimizing....
Max frequency:  {39.12291127667067}  MhZ
Max timing delay:  {25177.46999999994}  ps
Logic area est: {50.2647552}