Input matrices: 
 [[2, 0, 0, 0, 0, 4, 0, 2], [0, 2, 1, 1, 4, 0, 5, 0], [5, 1, 2, 5, 5, 2, 5, 4], [1, 1, 1, 5, 5, 1, 2, 3], [1, 0, 5, 3, 2, 2, 5, 3], [1, 3, 3, 0, 0, 4, 4, 2], [0, 1, 2, 1, 5, 4, 2, 2], [3, 0, 2, 4, 3, 4, 0, 5]] [[3, 0, 5, 0, 0, 4, 0, 5], [1, 1, 1, 2, 3, 5, 5, 1], [2, 4, 2, 3, 3, 2, 1, 3], [5, 0, 3, 4, 5, 0, 5, 0], [1, 4, 3, 5, 4, 1, 0, 4], [2, 0, 0, 0, 2, 3, 1, 3], [3, 1, 5, 4, 4, 4, 0, 3], [3, 4, 0, 5, 4, 2, 2, 0]]
Output matrices: 
 [[20, 8, 10, 10, 16, 24, 8, 22], [28, 27, 44, 51, 50, 36, 16, 36], [81, 50, 85, 93, 94, 68, 42, 73], [53, 39, 48, 73, 73, 33, 38, 38], [58, 45, 55, 72, 74, 48, 28, 49], [38, 27, 34, 41, 50, 57, 26, 41], [35, 39, 33, 55, 58, 38, 20, 45], [59, 40, 40, 62, 66, 41, 36, 45]]
Synthesizing....
Max frequency:  {68.33952717247949}  MhZ
Max timing delay:  {14249.81999999998}  ps
Logic area est: {9.41174784}


Optimizing....
Max frequency:  {71.0420014520986}  MhZ
Max timing delay:  {13693.17999999998}  ps
Logic area est: {5.50877184}